name: UW-GS
channels:
  - pytorch
  - conda-forge
  - defaults
dependencies:
  - blas=2.126=mkl
  - blas-devel=3.9.0=26_win64_mkl
  - brotli-python=1.0.9=py37hf2a7229_7
  - ca-certificates=2024.12.14=h56e8100_0
  - certifi=2024.8.30=pyhd8ed1ab_0
  - charset-normalizer=3.4.0=pyhd8ed1ab_0
  - colorama=0.4.6=pyhd8ed1ab_0
  - cudatoolkit=11.6.2=h3aee862_13
  - freetype=2.12.1=hdaf720e_2
  - idna=3.10=pyhd8ed1ab_0
  - intel-openmp=2024.2.1=h57928b3_1083
  - jpeg=9e=hcfcfb64_3
  - lcms2=2.12=h2a16943_0
  - libblas=3.9.0=26_win64_mkl
  - libcblas=3.9.0=26_win64_mkl
  - libhwloc=2.11.2=default_hc8275d1_1000
  - libiconv=1.17=hcfcfb64_2
  - liblapack=3.9.0=26_win64_mkl
  - liblapacke=3.9.0=26_win64_mkl
  - liblzma=5.6.3=h2466b09_1
  - liblzma-devel=5.6.3=h2466b09_1
  - libpng=1.6.43=h19919ed_0
  - libsqlite=3.47.2=h67fdade_0
  - libtiff=4.2.0=h0c97f57_3
  - libuv=1.49.2=h2466b09_0
  - libxml2=2.12.7=h283a6d9_1
  - libzlib=1.2.13=h2466b09_6
  - mkl=2024.2.2=h66d3029_15
  - mkl-devel=2024.2.2=h57928b3_15
  - mkl-include=2024.2.2=h66d3029_15
  - numpy=1.21.6=py37h2830a78_0
  - olefile=0.47=pyhd8ed1ab_0
  - openjpeg=2.4.0=hb211442_1
  - openssl=1.1.1w=hcfcfb64_0
  - pillow=8.2.0=py37h96663a1_1
  - pip=22.3.1=pyhd8ed1ab_0
  - plyfile=0.8.1=pyhd8ed1ab_0
  - pthreads-win32=2.9.1=h2466b09_4
  - pysocks=1.7.1=py37h03978a9_5
  - python=3.7.13=h6244533_1
  - python_abi=3.7=2_cp37m
  - pytorch=1.12.1=py3.7_cuda11.6_cudnn8_0
  - pytorch-mutex=1.0=cuda
  - requests=2.32.2=pyhd8ed1ab_0
  - setuptools=69.0.3=pyhd8ed1ab_0
  - sqlite=3.47.2=h2466b09_0
  - tbb=2021.13.0=h62715c5_1
  - tk=8.6.13=h5226925_1
  - torchaudio=0.12.1=py37_cu116
  - torchvision=0.13.1=py37_cu116
  - tqdm=4.67.1=pyhd8ed1ab_0
  - typing_extensions=4.7.1=pyha770c72_0
  - ucrt=10.0.22621.0=h57928b3_1
  - urllib3=2.2.1=pyhd8ed1ab_0
  - vc=14.3=ha32ba9b_23
  - vc14_runtime=14.42.34433=he29a5d6_23
  - vs2015_runtime=14.42.34433=hdffcdeb_23
  - wheel=0.42.0=pyhd8ed1ab_0
  - win_inet_pton=1.1.0=pyh7428d3b_7
  - xz=5.6.3=h208afaa_1
  - xz-tools=5.6.3=h2466b09_1
  - zlib=1.2.13=h2466b09_6
  - zstd=1.5.6=h0ea2cb4_0
  - pip:
    - submodules/diff-gaussian-rasterization
    - submodules/simple-knn
prefix: C:\ProgramData\Anaconda3\envs\UW-GS
